 POST        USINA       JAN       FEV       MAR       ABR       MAI       JUN       JUL       AGO       SET       OUT       NOV       DEZ
 XXXX XXXXXXXXXXXX XXXXXX.XX XXXXXX.XX XXXXXX.XX XXXXXX.XX XXXXXX.XX XXXXXX.XX XXXXXX.XX XXXXXX.XX XXXXXX.XX XXXXXX.XX XXXXXX.XX XXXXXX.XX
MESPLAN =    2     ANOPLAN = 2022
  001              000262.00 000130.00 000108.00 000064.00 000052.00 000050.00 000040.00 000036.00 000034.00 000086.00 000080.00 000115.00
  002              000262.00 000130.00 000108.00 000064.00 000052.00 000050.00 000040.00 000036.00 000034.00 000086.00 000080.00 000115.00
  006              002095.00 000986.00 000835.00 000392.00 000306.00 000306.00 000218.00 000194.00 000163.00 000630.00 000739.00 000909.00
  007              002264.00 001056.00 000929.00 000436.00 000341.00 000346.00 000244.00 000215.00 000178.00 000651.00 000832.00 000975.00
  008              002303.00 001072.00 000951.00 000446.00 000349.00 000356.00 000250.00 000220.00 000181.00 000654.00 000854.00 000990.00
  009              002317.00 001077.00 000962.00 000451.00 000352.00 000360.00 000253.00 000223.00 000182.00 000653.00 000865.00 000995.00
  010              002362.00 001094.00 000990.00 000464.00 000362.00 000371.00 000261.00 000228.00 000187.00 000655.00 000891.00 001011.00
  011              002468.00 001139.00 001046.00 000490.00 000384.00 000395.00 000277.00 000241.00 000196.00 000672.00 000942.00 001052.00
  012              002668.00 001229.00 001137.00 000542.00 000423.00 000436.00 000309.00 000266.00 000218.00 000771.00 001044.00 001145.00
  014              000082.00 000031.00 000037.00 000019.00 000014.00 000014.00 000012.00 000011.00 000009.00 000028.00 000026.00 000045.00
  015              000132.00 000051.00 000060.00 000031.00 000023.00 000023.00 000019.00 000018.00 000015.00 000046.00 000043.00 000073.00
  016              000133.00 000052.00 000061.00 000032.00 000024.00 000024.00 000020.00 000018.00 000015.00 000046.00 000044.00 000074.00
  017              003247.00 001615.00 001521.00 000760.00 000587.00 000636.00 000486.00 000436.00 000355.00 001000.00 001360.00 001477.00
  018              003426.00 001735.00 001706.00 000874.00 000675.00 000731.00 000570.00 000536.00 000438.00 001106.00 001525.00 001657.00
  020              000420.00 000185.00 000175.00 000092.00 000059.00 000049.00 000036.00 000029.00 000026.00 000041.00 000096.00 000203.00
  022              000221.00 000137.00 000152.00 000080.00 000049.00 000040.00 000028.00 000023.00 000019.00 000025.00 000064.00 000157.00
  023              000304.00 000278.00 000207.00 000123.00 000079.00 000061.00 000043.00 000036.00 000030.00 000041.00 000109.00 000185.00
  024              001191.00 000526.00 000496.00 000260.00 000166.00 000140.00 000103.00 000082.00 000075.00 000115.00 000273.00 000576.00
  025              000588.00 000245.00 000200.00 000125.00 000090.00 000080.00 000065.00 000061.00 000050.00 000112.00 000159.00 000190.00
  028              000610.00 000259.00 000219.00 000136.00 000096.00 000086.00 000070.00 000066.00 000053.00 000118.00 000171.00 000207.00
  031              003000.00 001740.00 001616.00 000935.00 000608.00 000501.00 000390.00 000328.00 000273.00 000505.00 000922.00 001541.00
  032              003088.00 001780.00 001697.00 000983.00 000643.00 000527.00 000411.00 000346.00 000288.00 000527.00 000963.00 001595.00
  033              004533.00 002594.00 002869.00 001646.00 001105.00 000908.00 000713.00 000592.00 000472.00 000827.00 001646.00 002384.00
  034              008758.00 004931.00 005370.00 002991.00 002198.00 002059.00 001655.00 001484.00 001250.00 002377.00 003789.00 004736.00
  037              000555.00 000304.00 000325.00 000180.00 000148.00 000134.00 000118.00 000116.00 000104.00 000188.00 000190.00 000224.00
  038              000599.00 000348.00 000373.00 000214.00 000173.00 000165.00 000142.00 000140.00 000126.00 000211.00 000226.00 000257.00
  039              000709.00 000440.00 000459.00 000275.00 000221.00 000223.00 000188.00 000186.00 000168.00 000258.00 000292.00 000324.00
  040              000741.00 000491.00 000514.00 000313.00 000249.00 000256.00 000214.00 000213.00 000209.00 000290.00 000337.00 000367.00
  042              000748.00 000515.00 000535.00 000327.00 000260.00 000268.00 000225.00 000223.00 000224.00 000302.00 000354.00 000386.00
  043              000707.00 000548.00 000560.00 000340.00 000269.00 000279.00 000235.00 000232.00 000237.00 000305.00 000374.00 000404.00
  044              009465.00 005479.00 005930.00 003331.00 002467.00 002338.00 001890.00 001716.00 001487.00 002682.00 004163.00 005140.00
  045              009830.00 005841.00 006261.00 003567.00 002702.00 002582.00 002115.00 001945.00 001715.00 003007.00 004493.00 005544.00
  046              010425.00 006584.00 007101.00 004126.00 003176.00 003150.00 002624.00 002437.00 002226.00 003607.00 005045.00 006167.00
  047              000213.00 000120.00 000141.00 000089.00 000078.00 000095.00 000075.00 000060.00 000067.00 000145.00 000105.00 000070.00
  048              000215.00 000124.00 000145.00 000091.00 000080.00 000098.00 000077.00 000061.00 000068.00 000150.00 000107.00 000072.00
  049              000290.00 000193.00 000230.00 000127.00 000120.00 000144.00 000116.00 000093.00 000104.00 000274.00 000155.00 000114.00
  050              000366.00 000279.00 000327.00 000185.00 000176.00 000212.00 000167.00 000143.00 000150.00 000333.00 000210.00 000168.00
  051              000371.00 000286.00 000334.00 000190.00 000181.00 000217.00 000171.00 000146.00 000154.00 000336.00 000214.00 000172.00
  052              000382.00 000301.00 000350.00 000199.00 000190.00 000228.00 000179.00 000154.00 000161.00 000345.00 000223.00 000181.00
  054              000052.00 000149.00 000168.00 000058.00 000044.00 000064.00 000054.00 000046.00 000043.00 000218.00 000100.00 000036.00
  055              000060.00 000173.00 000191.00 000069.00 000050.00 000073.00 000065.00 000057.00 000048.00 000245.00 000113.00 000045.00
  057              000111.00 000287.00 000306.00 000118.00 000082.00 000109.00 000101.00 000093.00 000076.00 000378.00 000176.00 000072.00
  058              000161.00 000287.00 000286.00 000130.00 000117.00 000146.00 000135.00 000117.00 000108.00 000451.00 000219.00 000129.00
  061              000691.00 000851.00 000897.00 000447.00 000413.00 000507.00 000437.00 000378.00 000367.00 001209.00 000642.00 000428.00
  062              000721.00 000925.00 000949.00 000487.00 000448.00 000558.00 000475.00 000412.00 000396.00 001263.00 000683.00 000455.00
  063              000798.00 001087.00 001071.00 000577.00 000532.00 000677.00 000564.00 000491.00 000466.00 001394.00 000775.00 000520.00
  065              000006.00 000138.00 000022.00 000013.00 000009.00 000017.00 000008.00 000002.00 000026.00 000162.00 000059.00 000010.00
  066              012222.00 011848.00 010918.00 006373.00 004957.00 005305.00 004445.00 003950.00 003782.00 008317.00 007809.00 007765.00
  070              000010.00 000010.00 000010.00 000010.00 000010.00 000010.00 000010.00 000010.00 000010.00 000030.00 000010.00 000010.00
  071              000028.00 000140.00 000057.00 000023.00 000016.00 000029.00 000028.00 000040.00 000032.00 000152.00 000063.00 000021.00
  072              000030.00 000149.00 000060.00 000024.00 000017.00 000031.00 000031.00 000042.00 000036.00 000162.00 000067.00 000023.00
  073              000038.00 000182.00 000072.00 000030.00 000021.00 000039.00 000042.00 000052.00 000051.00 000203.00 000084.00 000030.00
  074              000295.00 000840.00 000508.00 000217.00 000159.00 000260.00 000281.00 000207.00 000318.00 000853.00 000396.00 000147.00
  075              000360.00 001212.00 000630.00 000272.00 000190.00 000325.00 000375.00 000298.00 000436.00 001231.00 000565.00 000202.00
  076              000332.00 001040.00 000568.00 000252.00 000179.00 000296.00 000343.00 000256.00 000395.00 001057.00 000491.00 000182.00
  077              000373.00 001402.00 000663.00 000301.00 000210.00 000347.00 000399.00 000311.00 000473.00 001436.00 000647.00 000225.00
  078              000370.00 001506.00 000672.00 000311.00 000214.00 000348.00 000407.00 000312.00 000483.00 001500.00 000683.00 000232.00
  080              000004.00 000088.00 000014.00 000009.00 000006.00 000011.00 000005.00 000001.00 000017.00 000104.00 000038.00 000006.00
  081              000393.00 002060.00 000759.00 000363.00 000247.00 000411.00 000437.00 000320.00 000584.00 002130.00 000918.00 000272.00
  083              000004.00 000094.00 000015.00 000009.00 000006.00 000011.00 000005.00 000001.00 000018.00 000111.00 000041.00 000007.00
  085              000039.00 000109.00 000070.00 000027.00 000057.00 000170.00 000086.00 000053.00 000252.00 000171.00 000054.00 000032.00
  088              000070.00 000242.00 000082.00 000039.00 000045.00 000139.00 000114.00 000047.00 000218.00 000260.00 000138.00 000067.00
  089              000086.00 000307.00 000122.00 000050.00 000052.00 000196.00 000162.00 000066.00 000292.00 000344.00 000188.00 000086.00
  092              000205.00 000864.00 000359.00 000163.00 000215.00 000878.00 000562.00 000278.00 001184.00 001298.00 000472.00 000216.00
  093              000005.00 000036.00 000022.00 000012.00 000020.00 000070.00 000042.00 000019.00 000057.00 000091.00 000024.00 000008.00
  094              000245.00 001138.00 000444.00 000227.00 000270.00 001087.00 000766.00 000391.00 001392.00 001765.00 000598.00 000278.00
  097              000046.00 000227.00 000083.00 000039.00 000154.00 000358.00 000153.00 000121.00 000377.00 000310.00 000098.00 000046.00
  098              000039.00 000155.00 000062.00 000029.00 000119.00 000247.00 000098.00 000077.00 000266.00 000202.00 000068.00 000033.00
  099              000069.00 000073.00 000069.00 000052.00 000052.00 000048.00 000045.00 000045.00 000044.00 000054.00 000064.00 000063.00
  100              000005.00 000006.00 000006.00 000005.00 000004.00 000004.00 000004.00 000003.00 000004.00 000005.00 000005.00 000005.00
  101              000041.00 000138.00 000062.00 000030.00 000039.00 000123.00 000064.00 000031.00 000114.00 000141.00 000081.00 000033.00
  102              000039.00 000135.00 000080.00 000071.00 000138.00 000287.00 000164.00 000151.00 000258.00 000337.00 000118.00 000057.00
  103              000040.00 000143.00 000083.00 000074.00 000141.00 000293.00 000176.00 000156.00 000269.00 000349.00 000123.00 000059.00
  104              000080.00 000052.00 000041.00 000040.00 000033.00 000030.00 000028.00 000031.00 000029.00 000045.00 000037.00 000053.00
  109              000043.00 000026.00 000018.00 000020.00 000015.00 000013.00 000012.00 000014.00 000013.00 000024.00 000018.00 000030.00
  110              000012.00 000019.00 000018.00 000016.00 000025.00 000048.00 000029.00 000027.00 000046.00 000046.00 000019.00 000011.00
  111              000028.00 000079.00 000054.00 000042.00 000121.00 000274.00 000154.00 000172.00 000224.00 000252.00 000100.00 000044.00
  112              000028.00 000081.00 000054.00 000043.00 000123.00 000278.00 000155.00 000174.00 000227.00 000253.00 000101.00 000044.00
  113              000031.00 000104.00 000065.00 000048.00 000167.00 000367.00 000181.00 000226.00 000302.00 000287.00 000110.00 000049.00
  114              000034.00 000130.00 000076.00 000055.00 000220.00 000465.00 000208.00 000284.00 000386.00 000325.00 000119.00 000055.00
  115              000025.00 000016.00 000024.00 000012.00 000010.00 000014.00 000014.00 000017.00 000014.00 000017.00 000016.00 000015.00
  116              000010.00 000006.00 000004.00 000004.00 000003.00 000003.00 000002.00 000003.00 000003.00 000006.00 000004.00 000007.00
  117              000037.00 000026.00 000023.00 000020.00 000018.00 000017.00 000016.00 000017.00 000016.00 000021.00 000019.00 000023.00
  118              000043.00 000026.00 000018.00 000020.00 000015.00 000013.00 000012.00 000014.00 000013.00 000024.00 000018.00 000030.00
  119              000053.00 000032.00 000022.00 000024.00 000018.00 000016.00 000014.00 000017.00 000016.00 000030.00 000022.00 000037.00
  120              000042.00 000042.00 000028.00 000021.00 000015.00 000013.00 000013.00 000012.00 000010.00 000020.00 000014.00 000020.00
  121              000102.00 000116.00 000073.00 000048.00 000046.00 000045.00 000033.00 000030.00 000031.00 000050.00 000041.00 000048.00
  122              000116.00 000132.00 000083.00 000056.00 000052.00 000051.00 000038.00 000035.00 000035.00 000056.00 000048.00 000054.00
  123              000384.00 000401.00 000271.00 000151.00 000115.00 000107.00 000087.00 000088.00 000084.00 000160.00 000172.00 000220.00
  125              000518.00 000461.00 000338.00 000185.00 000144.00 000131.00 000105.00 000106.00 000101.00 000215.00 000239.00 000293.00
  126              000340.00 000340.00 000319.00 000141.00 000096.00 000078.00 000035.00 000031.00 000024.00 000182.00 000201.00 000325.00
  127              000877.00 000593.00 000409.00 000231.00 000186.00 000168.00 000125.00 000121.00 000114.00 000272.00 000291.00 000415.00
  129              001092.00 000778.00 000586.00 000361.00 000287.00 000260.00 000197.00 000193.00 000184.00 000410.00 000455.00 000615.00
  130              001246.00 000863.00 000651.00 000406.00 000322.00 000293.00 000220.00 000214.00 000204.00 000457.00 000513.00 000692.00
  131              000144.00 000144.00 000144.00 000120.00 000094.00 000085.00 000068.00 000068.00 000065.00 000129.00 000144.00 000144.00
  132              000046.00 000025.00 000016.00 000015.00 000010.00 000010.00 000006.00 000006.00 000007.00 000013.00 000015.00 000038.00
  134              000383.00 000216.00 000113.00 000078.00 000052.00 000041.00 000033.00 000028.00 000023.00 000083.00 000225.00 000270.00
  135              000311.00 000141.00 000110.00 000085.00 000066.00 000063.00 000068.00 000063.00 000053.00 000093.00 000107.00 000153.00
  141              001638.00 000811.00 000521.00 000337.00 000248.00 000224.00 000183.00 000154.00 000132.00 000360.00 000706.00 000869.00
  144              002074.00 001138.00 000770.00 000484.00 000360.00 000324.00 000268.00 000224.00 000192.00 000497.00 001012.00 001254.00
  145              000109.00 000128.00 000144.00 000105.00 000071.00 000056.00 000047.00 000044.00 000046.00 000050.00 000091.00 000120.00
  148              001799.00 000922.00 000615.00 000389.00 000290.00 000260.00 000214.00 000179.00 000154.00 000407.00 000812.00 001001.00
  149              000563.00 000195.00 000137.00 000097.00 000073.00 000072.00 000056.00 000046.00 000042.00 000101.00 000122.00 000187.00
  154              000124.00 000116.00 000110.00 000085.00 000091.00 000086.00 000083.00 000079.00 000077.00 000112.00 000101.00 000142.00
  155              000752.00 000213.00 000115.00 000057.00 000041.00 000038.00 000035.00 000034.00 000028.00 000072.00 000099.00 000184.00
  156              003786.00 000964.00 000643.00 000261.00 000181.00 000147.00 000101.00 000078.00 000069.00 000242.00 000571.00 001135.00
  158              000051.00 000055.00 000062.00 000042.00 000031.00 000022.00 000018.00 000015.00 000010.00 000012.00 000021.00 000042.00
  160              000016.00 000011.00 000009.00 000008.00 000009.00 000005.00 000005.00 000005.00 000005.00 000007.00 000006.00 000010.00
  161              000263.00 000186.00 000142.00 000086.00 000067.00 000049.00 000047.00 000052.00 000042.00 000103.00 000082.00 000140.00
  164              000183.00 000134.00 000101.00 000046.00 000034.00 000019.00 000019.00 000021.00 000013.00 000058.00 000045.00 000087.00
  168              004091.00 001327.00 002215.00 000769.00 000606.00 000322.00 000402.00 000344.00 000327.00 000323.00 000967.00 002283.00
  169              006079.00 002016.00 003306.00 001213.00 000851.00 000513.00 000544.00 000444.00 000412.00 000452.00 001380.00 003071.00
  171              000000.00 000000.00 000000.00 000000.00 000000.00 000000.00 000000.00 000000.00 000000.00 000000.00 000000.00 000000.00
  172              006007.00 001970.00 003369.00 001319.00 000881.00 000520.00 000543.00 000450.00 000419.00 000441.00 001290.00 002962.00
  173              006007.00 001970.00 003369.00 001319.00 000881.00 000520.00 000543.00 000450.00 000419.00 000441.00 001290.00 002962.00
  175              006007.00 001970.00 003369.00 001319.00 000881.00 000520.00 000543.00 000450.00 000419.00 000441.00 001290.00 002962.00
  176              006007.00 001970.00 003369.00 001319.00 000881.00 000520.00 000543.00 000450.00 000419.00 000441.00 001290.00 002962.00
  178              005738.00 001931.00 003411.00 001483.00 000918.00 000541.00 000538.00 000461.00 000426.00 000399.00 001160.00 002728.00
  183              000318.00 000125.00 000061.00 000039.00 000029.00 000027.00 000023.00 000020.00 000018.00 000060.00 000100.00 000102.00
  187              000122.00 000123.00 000122.00 000101.00 000087.00 000077.00 000068.00 000062.00 000061.00 000068.00 000086.00 000112.00
  188              001043.00 000436.00 000267.00 000093.00 000048.00 000026.00 000019.00 000018.00 000014.00 000041.00 000349.00 001439.00
  190              001301.00 000599.00 000626.00 000490.00 000349.00 000251.00 000218.00 000195.00 000189.00 000234.00 000453.00 000876.00
  191              002949.00 001564.00 001335.00 000617.00 000388.00 000288.00 000196.00 000123.00 000117.00 000223.00 000642.00 001726.00
  196              000083.00 000087.00 000052.00 000031.00 000023.00 000021.00 000017.00 000014.00 000014.00 000038.00 000053.00 000064.00
  197              000070.00 000039.00 000031.00 000022.00 000018.00 000017.00 000014.00 000013.00 000013.00 000035.00 000029.00 000043.00
  198              000138.00 000085.00 000069.00 000052.00 000044.00 000040.00 000031.00 000031.00 000029.00 000068.00 000058.00 000089.00
  199              001305.00 000904.00 000682.00 000425.00 000337.00 000307.00 000230.00 000224.00 000214.00 000479.00 000537.00 000725.00
  201              000044.00 000017.00 000011.00 000010.00 000007.00 000007.00 000004.00 000004.00 000005.00 000009.00 000010.00 000027.00
  202              000021.00 000008.00 000005.00 000005.00 000003.00 000003.00 000002.00 000002.00 000002.00 000004.00 000005.00 000013.00
  203              000064.00 000025.00 000017.00 000014.00 000011.00 000010.00 000006.00 000006.00 000007.00 000013.00 000015.00 000040.00
  204              001363.00 001736.00 002239.00 002619.00 002551.00 002088.00 001473.00 001046.00 000629.00 000388.00 000440.00 000798.00
  205              000254.00 000235.00 000159.00 000093.00 000060.00 000047.00 000033.00 000028.00 000024.00 000032.00 000092.00 000151.00
  206              000605.00 000256.00 000212.00 000132.00 000094.00 000084.00 000069.00 000064.00 000052.00 000118.00 000167.00 000202.00
  207              000607.00 000257.00 000214.00 000133.00 000095.00 000084.00 000069.00 000065.00 000053.00 000118.00 000168.00 000203.00
  209              000732.00 000693.00 000620.00 000391.00 000245.00 000182.00 000137.00 000109.00 000089.00 000130.00 000278.00 000493.00
  211              000642.00 000340.00 000269.00 000150.00 000112.00 000105.00 000081.00 000076.00 000074.00 000214.00 000182.00 000304.00
  215              000073.00 000205.00 000131.00 000051.00 000107.00 000320.00 000162.00 000099.00 000473.00 000322.00 000102.00 000061.00
  216              000087.00 000346.00 000135.00 000055.00 000057.00 000215.00 000182.00 000074.00 000321.00 000381.00 000209.00 000096.00
  217              000183.00 000675.00 000311.00 000137.00 000187.00 000647.00 000457.00 000243.00 000970.00 000848.00 000385.00 000195.00
  220              000009.00 000062.00 000038.00 000020.00 000035.00 000119.00 000073.00 000032.00 000098.00 000156.00 000041.00 000013.00
  222              000387.00 001889.00 000734.00 000348.00 000238.00 000394.00 000428.00 000318.00 000556.00 001952.00 000848.00 000260.00
  225              000379.00 000476.00 000511.00 000376.00 000187.00 000075.00 000040.00 000025.00 000020.00 000031.00 000076.00 000213.00
  226              000138.00 000141.00 000151.00 000156.00 000152.00 000154.00 000160.00 000142.00 000131.00 000130.00 000128.00 000152.00
  227              001523.00 001117.00 001609.00 001090.00 000710.00 000540.00 000447.00 000373.00 000344.00 000418.00 000873.00 001259.00
  228              001672.00 001207.00 001754.00 001207.00 000783.00 000593.00 000491.00 000409.00 000376.00 000455.00 000940.00 001364.00
  229              004840.00 003031.00 004851.00 003587.00 002352.00 001188.00 000780.00 000573.00 000539.00 000622.00 002004.00 003623.00
  230              004877.00 003034.00 004872.00 003623.00 002383.00 001200.00 000785.00 000576.00 000540.00 000622.00 001997.00 003623.00
  237              000653.00 000370.00 000376.00 000224.00 000184.00 000166.00 000147.00 000149.00 000134.00 000239.00 000232.00 000286.00
  238              000697.00 000414.00 000424.00 000258.00 000209.00 000197.00 000171.00 000173.00 000156.00 000262.00 000268.00 000319.00
  239              000807.00 000506.00 000510.00 000319.00 000257.00 000255.00 000217.00 000219.00 000198.00 000309.00 000334.00 000386.00
  240              000839.00 000557.00 000565.00 000357.00 000285.00 000288.00 000243.00 000246.00 000239.00 000341.00 000379.00 000429.00
  241              000180.00 000154.00 000178.00 000121.00 000117.00 000103.00 000097.00 000091.00 000087.00 000114.00 000161.00 000173.00
  242              000846.00 000581.00 000586.00 000371.00 000296.00 000300.00 000254.00 000256.00 000254.00 000353.00 000396.00 000448.00
  243              000805.00 000614.00 000611.00 000384.00 000305.00 000311.00 000264.00 000265.00 000267.00 000356.00 000416.00 000466.00
  244              009563.00 005545.00 005981.00 003375.00 002503.00 002370.00 001919.00 001749.00 001517.00 002733.00 004205.00 005202.00
  245              009928.00 005907.00 006312.00 003611.00 002738.00 002614.00 002144.00 001978.00 001745.00 003058.00 004535.00 005606.00
  246              010523.00 006650.00 007152.00 004170.00 003212.00 003182.00 002653.00 002470.00 002256.00 003658.00 005087.00 006229.00
  247              000219.00 000128.00 000173.00 000111.00 000092.00 000078.00 000067.00 000058.00 000049.00 000087.00 000145.00 000176.00
  248              000228.00 000133.00 000180.00 000116.00 000096.00 000082.00 000070.00 000061.00 000051.00 000090.00 000151.00 000183.00
  249              000291.00 000197.00 000234.00 000130.00 000122.00 000147.00 000118.00 000095.00 000106.00 000276.00 000158.00 000116.00
  251              000360.00 000219.00 000250.00 000131.00 000080.00 000066.00 000045.00 000037.00 000031.00 000040.00 000102.00 000254.00
  252              000070.00 000065.00 000084.00 000056.00 000055.00 000048.00 000042.00 000038.00 000037.00 000046.00 000063.00 000066.00
  253              003549.00 001658.00 001549.00 000691.00 000431.00 000310.00 000211.00 000134.00 000125.00 000238.00 000712.00 002000.00
  254              000230.00 000026.00 000010.00 000030.00 000031.00 000014.00 000010.00 000009.00 000011.00 000008.00 000249.00 000510.00
  255              000449.00 000338.00 000119.00 000056.00 000031.00 000022.00 000016.00 000015.00 000009.00 000034.00 000191.00 000450.00
  257              008040.00 002686.00 003013.00 001237.00 000743.00 000471.00 000319.00 000212.00 000202.00 000368.00 001332.00 004499.00
  258              000525.00 000351.00 000138.00 000061.00 000033.00 000023.00 000016.00 000015.00 000010.00 000035.00 000211.00 000577.00
  259              000070.00 000065.00 000084.00 000056.00 000055.00 000048.00 000042.00 000038.00 000037.00 000046.00 000063.00 000066.00
  260              000124.00 000104.00 000121.00 000083.00 000081.00 000071.00 000066.00 000062.00 000060.00 000080.00 000111.00 000119.00
  261              000244.00 000143.00 000194.00 000125.00 000103.00 000088.00 000075.00 000065.00 000055.00 000094.00 000162.00 000196.00
  262              000310.00 000123.00 000060.00 000038.00 000028.00 000027.00 000022.00 000020.00 000017.00 000059.00 000098.00 000100.00
  263              000383.00 000216.00 000114.00 000078.00 000052.00 000041.00 000033.00 000028.00 000023.00 000083.00 000225.00 000270.00
  265              000055.00 000040.00 000031.00 000018.00 000014.00 000012.00 000010.00 000009.00 000007.00 000017.00 000037.00 000045.00
  266              012320.00 011914.00 010969.00 006417.00 004993.00 005337.00 004474.00 003983.00 003812.00 008368.00 007851.00 007827.00
  267              000558.00 000193.00 000136.00 000096.00 000072.00 000071.00 000056.00 000046.00 000042.00 000100.00 000121.00 000185.00
  269              000682.00 000789.00 001078.00 001276.00 001764.00 001371.00 000967.00 000786.00 000664.00 000616.00 000825.00 001094.00
  270              002356.00 001448.00 001132.00 000545.00 000347.00 000266.00 000181.00 000112.00 000107.00 000207.00 000567.00 001419.00
  271              016498.00 005740.00 008186.00 004023.00 002655.00 001479.00 001055.00 000823.00 000742.00 001098.00 003208.00 007536.00
  273              013177.00 003407.00 004820.00 001833.00 001118.00 000652.00 000439.00 000301.00 000276.00 000489.00 001913.00 006502.00
  274              018279.00 006135.00 010067.00 005942.00 003543.00 001580.00 000980.00 000633.00 000567.00 000856.00 002830.00 008237.00
  275              033735.00 014402.00 025964.00 018390.00 010892.00 004392.00 002618.00 001640.00 001448.00 001969.00 005608.00 013495.00
  276              013049.00 006979.00 013421.00 010509.00 006204.00 002374.00 001383.00 000850.00 000744.00 000939.00 002345.00 004439.00
  277              000462.00 000384.00 000486.00 000454.00 000448.00 000262.00 000224.00 000165.00 000146.00 000154.00 000188.00 000309.00
  278              000314.00 000236.00 000377.00 000094.00 000063.00 000051.00 000046.00 000041.00 000040.00 000076.00 000177.00 000308.00
  279              000543.00 001000.00 001091.00 000898.00 000375.00 000176.00 000057.00 000029.00 000040.00 000048.00 000267.00 000608.00
  280              001365.00 001741.00 002243.00 002627.00 002559.00 002097.00 001478.00 001051.00 000632.00 000389.00 000441.00 000799.00
  281              000084.00 000079.00 000084.00 000069.00 000073.00 000064.00 000061.00 000060.00 000058.00 000068.00 000073.00 000084.00
  282              000085.00 000089.00 000085.00 000064.00 000064.00 000059.00 000055.00 000055.00 000054.00 000066.00 000078.00 000077.00
  283              000164.00 000050.00 000058.00 000026.00 000014.00 000009.00 000008.00 000008.00 000008.00 000010.00 000082.00 000290.00
  284              000047.00 000240.00 000085.00 000040.00 000155.00 000371.00 000163.00 000127.00 000390.00 000324.00 000102.00 000047.00
  285              019410.00 033018.00 035606.00 035774.00 025862.00 019269.00 010786.00 004709.00 003750.00 003744.00 007394.00 018035.00
  286              000015.00 000079.00 000027.00 000014.00 000013.00 000032.00 000031.00 000016.00 000046.00 000138.00 000052.00 000016.00
  287              019792.00 033267.00 036548.00 036740.00 026709.00 019914.00 011209.00 004937.00 003839.00 003792.00 007326.00 018044.00
  288              019711.00 008949.00 019867.00 018747.00 013851.00 005081.00 002315.00 001143.00 000842.00 000925.00 002760.00 008025.00
  289              000056.00 000059.00 000056.00 000042.00 000042.00 000039.00 000036.00 000036.00 000035.00 000044.00 000052.00 000051.00
  290              001028.00 001184.00 001929.00 002317.00 003155.00 003202.00 002394.00 001852.00 001037.00 000628.00 000672.00 000754.00
  291              000414.00 000488.00 000891.00 000645.00 000325.00 000172.00 000102.00 000057.00 000048.00 000044.00 000132.00 000304.00
  292              013900.00 007349.00 013900.00 012747.00 010951.00 003481.00 001215.00 000243.00 000092.00 000225.00 001960.00 007125.00
  293              007191.00 002226.00 007358.00 007312.00 003870.00 001956.00 001262.00 000980.00 000809.00 000765.00 000993.00 001462.00
  294              000167.00 000140.00 000163.00 000111.00 000109.00 000095.00 000089.00 000084.00 000080.00 000108.00 000149.00 000160.00
  295              000068.00 000075.00 000078.00 000079.00 000065.00 000062.00 000059.00 000056.00 000056.00 000057.00 000069.00 000063.00
  296              000033.00 000039.00 000042.00 000043.00 000035.00 000033.00 000031.00 000030.00 000029.00 000031.00 000035.00 000033.00
  297              001375.00 001755.00 002259.00 002648.00 002580.00 002117.00 001490.00 001060.00 000638.00 000392.00 000445.00 000804.00
  298              000160.00 000160.00 000160.00 000116.00 000090.00 000082.00 000066.00 000066.00 000063.00 000125.00 000149.00 000160.00
  299              001031.00 000678.00 000474.00 000276.00 000221.00 000201.00 000148.00 000142.00 000134.00 000319.00 000349.00 000492.00
  300                   0.00      0.00      0.00      0.00      0.00      0.00      0.00      0.00      0.00      0.00      0.00      0.00
  301              000043.00 000026.00 000018.00 000020.00 000015.00 000013.00 000012.00 000014.00 000013.00 000024.00 000018.00 000030.00
  302              005811.00 001600.00 005967.00 006000.00 002900.00 001600.00 001100.00 000900.00 000750.00 000700.00 000800.00 000900.00
  303              000051.00 000041.00 000038.00 000015.00 000010.00 000010.00 000006.00 000006.00 000007.00 000013.00 000025.00 000048.00
  304              000009.00 000000.00 000000.00 000000.00 000000.00 000000.00 000000.00 000000.00 000000.00 000000.00 000000.00 000000.00
  306              000195.00 000185.00 000182.00 000135.00 000104.00 000095.00 000074.00 000074.00 000072.00 000142.00 000169.00 000192.00
  313              000320.00 000358.00 000362.00 000280.00 000196.00 000154.00 000129.00 000112.00 000115.00 000142.00 000184.00 000258.00
  314              001090.00 000719.00 000505.00 000295.00 000236.00 000215.00 000159.00 000152.00 000143.00 000341.00 000373.00 000525.00
  315              000199.00 000168.00 000166.00 000120.00 000094.00 000085.00 000068.00 000068.00 000065.00 000129.00 000154.00 000175.00
  316              000190.00 000168.00 000166.00 000120.00 000094.00 000085.00 000068.00 000068.00 000065.00 000129.00 000154.00 000175.00
  317              000019.00 000000.00 000000.00 000000.00 000000.00 000000.00 000000.00 000000.00 000000.00 000000.00 000000.00 000002.00
  318              000108.00 000071.00 000055.00 000049.00 000039.00 000035.00 000032.00 000036.00 000033.00 000057.00 000045.00 000069.00
  319              000098.00 000066.00 000051.00 000044.00 000036.00 000032.00 000029.00 000033.00 000030.00 000051.00 000042.00 000062.00
  320              000053.00 000032.00 000022.00 000024.00 000018.00 000016.00 000014.00 000017.00 000016.00 000030.00 000022.00 000037.00
